                        
  [39m[49m       [38;2;0;0;0m▄[48;2;66;107;156m▀[48;2;90;148;214m▀▀▀[49m▄▄[48;2;90;148;214m▀[48;2;0;0;0m▀[39m[49m      
        [38;2;0;0;0m[48;2;0;0;0m▀[38;2;66;107;156m[48;2;90;148;214m▀[38;2;90;148;214m[48;2;0;0;0m▀[38;2;0;0;0m[49m▀[38;2;65;65;65m[48;2;0;0;0m▀[38;2;66;107;156m[48;2;65;65;65m▀[38;2;90;148;214m▀[48;2;0;0;0m▀[38;2;0;0;0m[49m▀[39m       
        [38;2;0;0;0m▀[38;2;90;148;214m[48;2;0;0;0m▀[38;2;66;107;156m[48;2;90;148;214m▀[38;2;0;0;0m[48;2;123;189;255m▀[38;2;123;189;255m▀[48;2;0;0;0m▀▀[38;2;90;148;214m[48;2;66;107;156m▀[38;2;0;0;0m[48;2;90;148;214m▀[49m▄▄[48;2;123;189;255m▀[48;2;0;0;0m▀[39m[49m   
       [38;2;0;0;0m▄[48;2;123;189;255m▀[38;2;66;107;156m[48;2;66;107;156m▀[38;2;123;189;255m[48;2;65;65;65m▀[38;2;65;65;65m[48;2;123;189;255m▀[38;2;0;0;0m[48;2;90;148;214m▀[49m▄[39m [38;2;0;0;0m▀[38;2;66;107;156m[48;2;0;0;0m▀[38;2;123;189;255m▀▀[38;2;0;0;0m[49m▀[39m    
   [38;2;0;0;0m▄[48;2;189;189;189m▀▀[48;2;65;65;65m▀[38;2;123;189;255m[48;2;123;189;255m▀▀▀▀▀▀[38;2;90;148;214m▀[38;2;0;0;0m[48;2;65;65;65m▀[48;2;189;189;189m▀[49m▄▄[39m      
  [38;2;0;0;0m[48;2;0;0;0m▀[38;2;189;189;189m[48;2;189;189;189m▀▀[48;2;65;65;65m▀[38;2;65;65;65m[48;2;222;239;255m▀[38;2;90;148;214m▀[38;2;123;189;255m[48;2;90;148;214m▀▀[38;2;255;255;255m[48;2;0;0;0m▀[38;2;123;189;255m[48;2;123;189;255m▀▀[48;2;90;148;214m▀[38;2;65;65;65m[48;2;65;65;65m▀[38;2;189;189;189m[48;2;255;255;255m▀[38;2;255;255;255m▀▀[38;2;0;0;0m▀[49m▄[39m    
   [38;2;0;0;0m[48;2;0;0;0m▀[38;2;255;255;255m[48;2;255;255;255m▀▀[38;2;65;65;65m▀[38;2;222;239;255m[48;2;65;65;65m▀▀▀[38;2;90;148;214m▀[38;2;255;255;255m[48;2;90;148;214m▀[48;2;65;65;65m▀[38;2;65;65;65m[48;2;255;255;255m▀[38;2;255;255;255m▀▀▀[48;2;148;148;148m▀[38;2;148;148;148m[48;2;255;255;255m▀[38;2;0;0;0m▀[48;2;189;189;189m▀[49m▄[39m  
  [38;2;0;0;0m[48;2;0;0;0m▀[38;2;255;255;255m[48;2;189;189;189m▀[48;2;255;255;255m▀▀▀[38;2;189;189;189m[48;2;189;189;189m▀[48;2;255;255;255m▀[38;2;65;65;65m▀[38;2;90;148;214m[48;2;65;65;65m▀[48;2;123;189;255m▀▀[38;2;65;65;65m[48;2;255;255;255m▀[38;2;255;255;255m▀▀▀▀▀▀[48;2;0;0;0m▀[38;2;0;0;0m[49m▀[39m  
  [38;2;0;0;0m▄[48;2;123;189;255m▀[38;2;65;65;65m[48;2;66;107;156m▀[48;2;123;189;255m▀[38;2;148;148;148m[48;2;65;65;65m▀[38;2;255;255;255m[48;2;255;255;255m▀▀▀[38;2;148;148;148m▀[38;2;255;255;255m▀▀▀▀[48;2;189;189;189m▀[38;2;189;189;189m[48;2;148;148;148m▀[38;2;255;255;255m[48;2;189;189;189m▀▀[38;2;189;189;189m▀▀[38;2;0;0;0m[48;2;0;0;0m▀[39m[49m  
   [38;2;0;0;0m▀▀[38;2;66;107;156m[48;2;0;0;0m▀[38;2;90;148;214m[48;2;90;148;214m▀[38;2;66;107;156m[48;2;65;65;65m▀[38;2;255;255;255m[48;2;189;189;189m▀[38;2;189;189;189m▀[38;2;255;255;255m▀[48;2;65;65;65m▀▀▀[38;2;189;189;189m[48;2;189;189;189m▀▀▀[38;2;148;148;148m[48;2;0;0;0m▀[38;2;189;189;189m▀▀[38;2;0;0;0m[49m▀[39m   
      [38;2;0;0;0m▀▀[38;2;189;189;189m[48;2;0;0;0m▀▀[38;2;65;65;65m▀[38;2;123;189;255m[48;2;65;65;65m▀[38;2;66;107;156m[48;2;90;148;214m▀[38;2;123;189;255m▀[38;2;65;65;65m[48;2;0;0;0m▀[38;2;189;189;189m▀[38;2;0;0;0m[49m▀[39m       
           [38;2;0;0;0m▀▀[38;2;90;148;214m[48;2;0;0;0m▀[38;2;0;0;0m[49m▀[39m         


