                        
  [39m[49m       [38;2;0;0;0m▄[48;2;193;147;16m▀[48;2;219;184;42m▀▀▀[49m▄▄[48;2;219;184;42m▀[48;2;0;0;0m▀[39m[49m      
        [38;2;0;0;0m[48;2;0;0;0m▀[38;2;193;147;16m[48;2;219;184;42m▀[38;2;219;184;42m[48;2;0;0;0m▀[38;2;0;0;0m[49m▀[38;2;65;65;65m[48;2;0;0;0m▀[38;2;193;147;16m[48;2;65;65;65m▀[38;2;219;184;42m▀[48;2;0;0;0m▀[38;2;0;0;0m[49m▀[39m       
        [38;2;0;0;0m▀[38;2;219;184;42m[48;2;0;0;0m▀[38;2;193;147;16m[48;2;219;184;42m▀[38;2;0;0;0m[48;2;245;223;68m▀[38;2;245;223;68m▀[48;2;0;0;0m▀▀[38;2;219;184;42m[48;2;193;147;16m▀[38;2;0;0;0m[48;2;219;184;42m▀[49m▄▄[48;2;245;223;68m▀[48;2;0;0;0m▀[39m[49m   
       [38;2;0;0;0m▄[48;2;245;223;68m▀[38;2;193;147;16m[48;2;193;147;16m▀[38;2;245;223;68m[48;2;65;65;65m▀[38;2;65;65;65m[48;2;245;223;68m▀[38;2;0;0;0m[48;2;219;184;42m▀[49m▄[39m [38;2;0;0;0m▀[38;2;193;147;16m[48;2;0;0;0m▀[38;2;245;223;68m▀▀[38;2;0;0;0m[49m▀[39m    
   [38;2;0;0;0m▄[48;2;189;189;189m▀▀[48;2;65;65;65m▀[38;2;245;223;68m[48;2;245;223;68m▀▀▀▀▀▀[38;2;219;184;42m▀[38;2;0;0;0m[48;2;65;65;65m▀[48;2;189;189;189m▀[49m▄▄[39m      
  [38;2;0;0;0m[48;2;0;0;0m▀[38;2;189;189;189m[48;2;189;189;189m▀▀[48;2;65;65;65m▀[38;2;65;65;65m[48;2;232;230;225m▀[38;2;219;184;42m▀[38;2;245;223;68m[48;2;219;184;42m▀▀[38;2;255;255;255m[48;2;0;0;0m▀[38;2;245;223;68m[48;2;245;223;68m▀▀[48;2;219;184;42m▀[38;2;65;65;65m[48;2;65;65;65m▀[38;2;189;189;189m[48;2;255;255;255m▀[38;2;255;255;255m▀▀[38;2;0;0;0m▀[49m▄[39m    
   [38;2;0;0;0m[48;2;0;0;0m▀[38;2;255;255;255m[48;2;255;255;255m▀▀[38;2;65;65;65m▀[38;2;232;230;225m[48;2;65;65;65m▀▀▀[38;2;219;184;42m▀[38;2;255;255;255m[48;2;219;184;42m▀[48;2;65;65;65m▀[38;2;65;65;65m[48;2;255;255;255m▀[38;2;255;255;255m▀▀▀[48;2;148;148;148m▀[38;2;148;148;148m[48;2;255;255;255m▀[38;2;0;0;0m▀[48;2;189;189;189m▀[49m▄[39m  
  [38;2;0;0;0m[48;2;0;0;0m▀[38;2;255;255;255m[48;2;189;189;189m▀[48;2;255;255;255m▀▀▀[38;2;189;189;189m[48;2;189;189;189m▀[48;2;255;255;255m▀[38;2;65;65;65m▀[38;2;219;184;42m[48;2;65;65;65m▀[48;2;245;223;68m▀▀[38;2;65;65;65m[48;2;255;255;255m▀[38;2;255;255;255m▀▀▀▀▀▀[48;2;0;0;0m▀[38;2;0;0;0m[49m▀[39m  
  [38;2;0;0;0m▄[48;2;245;223;68m▀[38;2;65;65;65m[48;2;193;147;16m▀[48;2;245;223;68m▀[38;2;148;148;148m[48;2;65;65;65m▀[38;2;255;255;255m[48;2;255;255;255m▀▀▀[38;2;148;148;148m▀[38;2;255;255;255m▀▀▀▀[48;2;189;189;189m▀[38;2;189;189;189m[48;2;148;148;148m▀[38;2;255;255;255m[48;2;189;189;189m▀▀[38;2;189;189;189m▀▀[38;2;0;0;0m[48;2;0;0;0m▀[39m[49m  
   [38;2;0;0;0m▀▀[38;2;193;147;16m[48;2;0;0;0m▀[38;2;219;184;42m[48;2;219;184;42m▀[38;2;193;147;16m[48;2;65;65;65m▀[38;2;255;255;255m[48;2;189;189;189m▀[38;2;189;189;189m▀[38;2;255;255;255m▀[48;2;65;65;65m▀▀▀[38;2;189;189;189m[48;2;189;189;189m▀▀▀[38;2;148;148;148m[48;2;0;0;0m▀[38;2;189;189;189m▀▀[38;2;0;0;0m[49m▀[39m   
      [38;2;0;0;0m▀▀[38;2;189;189;189m[48;2;0;0;0m▀▀[38;2;65;65;65m▀[38;2;245;223;68m[48;2;65;65;65m▀[38;2;193;147;16m[48;2;219;184;42m▀[38;2;245;223;68m▀[38;2;65;65;65m[48;2;0;0;0m▀[38;2;189;189;189m▀[38;2;0;0;0m[49m▀[39m       
           [38;2;0;0;0m▀▀[38;2;219;184;42m[48;2;0;0;0m▀[38;2;0;0;0m[49m▀[39m         


