                               
  [39m[49m   [38;2;0;0;0m▄[48;2;189;189;189m▀[48;2;0;0;0m▀[39m[49m [38;2;0;0;0m▄▄[48;2;255;255;255m▀▀[48;2;0;0;0m▀[39m[49m                 
    [38;2;0;0;0m[48;2;0;0;0m▀[38;2;189;189;189m[48;2;65;65;65m▀▀[38;2;65;65;65m▀[38;2;0;0;0m[48;2;255;255;255m▀[38;2;255;255;255m▀▀[38;2;189;189;189m▀[38;2;0;0;0m[48;2;0;0;0m▀[39m[49m              [38;2;0;0;0m▄▄[39m  
   [38;2;0;0;0m[48;2;0;0;0m▀[38;2;65;65;65m[48;2;255;255;255m▀[38;2;255;123;99m▀[48;2;255;123;99m▀[38;2;65;65;65m▀[38;2;255;255;255m▀[48;2;189;189;189m▀[48;2;255;255;255m▀[38;2;0;0;0m[48;2;0;0;0m▀[39m[49m            [38;2;0;0;0m▄▄[48;2;255;123;99m▀[38;2;255;123;99m[48;2;0;0;0m▀[38;2;0;0;0m[49m▀[39m  
  [38;2;0;0;0m[48;2;0;0;0m▀[38;2;255;255;255m[48;2;255;123;99m▀▀[38;2;255;123;99m▀[48;2;247;230;58m▀[38;2;0;0;0m[48;2;0;0;0m▀[38;2;255;255;255m[48;2;255;255;255m▀[38;2;189;189;189m[48;2;189;189;189m▀[38;2;255;255;255m[48;2;255;255;255m▀[38;2;0;0;0m[48;2;189;189;189m▀[49m▄[39m         [38;2;0;0;0m▄[48;2;255;123;99m▀[38;2;165;74;66m[48;2;206;90;74m▀[38;2;255;123;99m▀[38;2;206;90;74m[48;2;0;0;0m▀▀[38;2;0;0;0m[49m▀[39m  
  [38;2;0;0;0m▀[38;2;255;123;99m[48;2;0;0;0m▀▀[38;2;206;90;74m[48;2;189;189;189m▀▀[38;2;255;255;255m▀[38;2;189;189;189m▀[38;2;255;255;255m▀[38;2;189;189;189m▀▀[38;2;0;0;0m▀[49m▄[39m    [38;2;0;0;0m▄▄[48;2;255;123;99m▀[48;2;206;90;74m▀[38;2;255;123;99m▀[38;2;206;90;74m▀[48;2;0;0;0m▀[38;2;0;0;0m[49m▀[39m     
     [38;2;0;0;0m▀▀▀[38;2;189;189;189m[48;2;0;0;0m▀▀[48;2;189;189;189m▀▀▀[38;2;255;255;255m[48;2;255;255;255m▀[38;2;0;0;0m▀▀[49m▄[48;2;255;123;99m▀[38;2;255;123;99m▀[38;2;165;74;66m▀[38;2;206;90;74m[48;2;206;90;74m▀▀[48;2;165;74;66m▀[38;2;0;0;0m[48;2;0;0;0m▀[39m[49m       
          [38;2;0;0;0m[48;2;0;0;0m▀[38;2;189;189;189m[48;2;65;65;65m▀[38;2;255;255;255m[48;2;255;255;255m▀▀▀▀[48;2;156;156;156m▀[38;2;165;74;66m▀[48;2;189;189;189m▀[38;2;255;123;99m[48;2;165;74;66m▀[48;2;255;123;99m▀[38;2;206;90;74m▀[38;2;0;0;0m[48;2;165;74;66m▀[49m▄[39m       
       [38;2;0;0;0m▄▄[48;2;0;0;0m▀[38;2;189;189;189m[48;2;65;65;65m▀[38;2;65;65;65m[48;2;255;255;255m▀[38;2;255;255;255m[48;2;255;123;99m▀[38;2;255;123;99m▀[38;2;255;255;255m▀[38;2;156;156;156m[48;2;255;255;255m▀[38;2;255;255;255m[48;2;65;65;65m▀[48;2;255;255;255m▀[38;2;65;65;65m▀[38;2;255;123;99m[48;2;65;65;65m▀[48;2;165;74;66m▀[38;2;206;90;74m[48;2;206;90;74m▀▀[38;2;0;0;0m[48;2;0;0;0m▀[39m[49m       
     [38;2;0;0;0m▄[48;2;255;255;255m▀[38;2;165;74;66m[48;2;165;74;66m▀▀▀[48;2;0;0;0m▀[38;2;0;0;0m[49m▀[38;2;255;123;99m[48;2;0;0;0m▀[38;2;82;173;247m[48;2;206;90;74m▀[38;2;255;123;99m[48;2;82;173;247m▀[38;2;206;90;74m[48;2;65;65;65m▀[38;2;189;189;189m▀[38;2;65;65;65m[48;2;255;123;99m▀▀[38;2;189;189;189m[48;2;65;65;65m▀[38;2;65;65;65m[48;2;206;90;74m▀[38;2;206;90;74m[48;2;65;65;65m▀[38;2;0;0;0m▀[49m▄[39m       
      [38;2;0;0;0m▀▀▀▀[39m   [38;2;0;0;0m▀[48;2;0;0;0m▀[38;2;206;90;74m[48;2;255;255;255m▀[38;2;255;123;99m[48;2;165;74;66m▀[48;2;255;255;255m▀[38;2;206;90;74m[48;2;0;0;0m▀[38;2;0;0;0m[49m▀▀[38;2;165;74;66m[48;2;0;0;0m▀[48;2;165;74;66m▀▀[38;2;0;0;0m[48;2;0;0;0m▀[39m[49m      
               [38;2;0;0;0m▀▀▀[39m    [38;2;0;0;0m▀▀[39m       

