                        
  [39m[49m   [38;2;0;0;0m▄[48;2;90;90;90m▀▀[48;2;0;0;0m▀[39m[49m               
    [38;2;0;0;0m[48;2;0;0;0m▀[38;2;106;189;222m[48;2;90;90;90m▀[48;2;106;189;222m▀[38;2;90;90;90m▀[38;2;0;0;0m[48;2;0;0;0m▀[39m[49m [38;2;0;0;0m▄▄[48;2;90;90;90m▀▀▀[48;2;0;0;0m▀[39m[49m   [38;2;0;0;0m▄▄▄[39m  
   [38;2;0;0;0m[48;2;0;0;0m▀[38;2;90;90;90m[48;2;90;90;90m▀[48;2;45;45;45m▀▀[38;2;0;0;0m[48;2;0;0;0m▀[49m▄[48;2;71;71;71m▀[38;2;74;139;180m[48;2;90;90;90m▀[38;2;106;189;222m[48;2;106;189;222m▀[38;2;90;90;90m▀[48;2;71;71;71m▀[38;2;45;45;45m[48;2;0;0;0m▀[38;2;0;0;0m[49m▀[39m [38;2;0;0;0m▄[48;2;106;189;222m▀[38;2;71;71;71m[48;2;74;139;180m▀[48;2;71;71;71m▀[38;2;0;0;0m[48;2;0;0;0m▀[39m[49m  
   [38;2;0;0;0m[48;2;0;0;0m▀[38;2;45;45;45m[48;2;106;189;222m▀[38;2;106;189;222m[48;2;90;90;90m▀[38;2;90;90;90m[48;2;106;189;222m▀[48;2;90;90;90m▀▀[38;2;45;45;45m▀[38;2;90;90;90m[48;2;71;71;71m▀[38;2;71;71;71m▀[38;2;74;139;180m[48;2;0;0;0m▀[38;2;0;0;0m[49m▀[39m  [38;2;0;0;0m[48;2;0;0;0m▀[38;2;74;139;180m[48;2;71;71;71m▀[38;2;106;189;222m▀[48;2;106;189;222m▀[38;2;74;139;180m[48;2;0;0;0m▀[38;2;0;0;0m[49m▀[39m  
  [38;2;0;0;0m[48;2;0;0;0m▀[38;2;255;255;255m[48;2;174;132;43m▀[38;2;106;189;222m[48;2;90;90;90m▀[38;2;90;90;90m[48;2;106;189;222m▀[38;2;106;189;222m[48;2;90;90;90m▀[38;2;90;90;90m[48;2;71;71;71m▀[48;2;255;255;255m▀[48;2;0;0;0m▀[38;2;71;71;71m[48;2;90;90;90m▀[38;2;0;0;0m[48;2;0;0;0m▀[49m▄[48;2;71;71;71m▀▀[48;2;45;45;45m▀[38;2;71;71;71m[48;2;71;71;71m▀[48;2;0;0;0m▀▀[38;2;0;0;0m[49m▀[39m    
  [38;2;0;0;0m[48;2;0;0;0m▀[38;2;45;45;45m[48;2;90;90;90m▀[38;2;90;90;90m▀▀[48;2;71;71;71m▀[38;2;0;0;0m[48;2;174;132;43m▀[38;2;238;234;2m[48;2;0;0;0m▀[38;2;0;0;0m[48;2;90;90;90m▀[38;2;90;90;90m[48;2;45;45;45m▀[38;2;45;45;45m▀[48;2;71;71;71m▀[38;2;71;71;71m▀▀[48;2;106;189;222m▀[38;2;0;0;0m[48;2;71;71;71m▀[49m▄[39m      
   [38;2;0;0;0m▀[38;2;99;99;99m[48;2;0;0;0m▀[38;2;90;90;90m▀[48;2;45;45;45m▀▀[38;2;71;71;71m[48;2;71;71;71m▀[38;2;45;45;45m▀[38;2;71;71;71m▀▀▀▀[38;2;106;189;222m[48;2;106;189;222m▀[38;2;71;71;71m[48;2;71;71;71m▀[38;2;106;189;222m[48;2;106;189;222m▀[38;2;0;0;0m[48;2;45;45;45m▀[49m▄[39m     
     [38;2;0;0;0m[48;2;0;0;0m▀[38;2;71;71;71m[48;2;71;71;71m▀▀[48;2;106;189;222m▀[38;2;106;189;222m[48;2;90;90;90m▀[38;2;71;71;71m[48;2;74;139;180m▀[48;2;0;0;0m▀[38;2;45;45;45m▀[38;2;0;0;0m[49m▀▀[38;2;74;139;180m[48;2;0;0;0m▀[38;2;45;45;45m[48;2;71;71;71m▀▀[38;2;0;0;0m[48;2;0;0;0m▀[39m[49m     
    [38;2;0;0;0m▄[48;2;71;71;71m▀[38;2;71;71;71m▀[38;2;0;0;0m[48;2;0;0;0m▀[38;2;106;189;222m[48;2;90;90;90m▀[38;2;90;90;90m[48;2;74;139;180m▀[38;2;0;0;0m[48;2;0;0;0m▀[39m[49m     [38;2;0;0;0m▀▀[39m      
    [38;2;0;0;0m▀[38;2;71;71;71m[48;2;0;0;0m▀[38;2;0;0;0m▀[38;2;90;90;90m[48;2;90;90;90m▀▀[38;2;0;0;0m[48;2;0;0;0m▀[39m[49m              
       [38;2;0;0;0m▀▀[39m               

